0.4624654948711395
0.37946149706840515
0.3097105920314789
0.2798525393009186
0.3081483542919159
0.26727935671806335
0.31132733821868896
0.5234471559524536
0.7511975169181824
0.6422739028930664
0.40418025851249695
0.39730069041252136
0.4260767996311188
0.4020151197910309
0.406557559967041
0.35978496074676514
0.3171485364437103
0.3159850239753723
0.48473116755485535
0.5925660133361816
0.4927176535129547
0.2820913791656494
0.26051977276802063
0.2492268681526184
0.333462655544281
0.35021793842315674
0.30947452783584595
0.21601499617099762
0.3005838096141815
0.29754939675331116
0.296087384223938
0.3304455578327179
0.4197830855846405
0.37181326746940613
0.3017805218696594
0.2915167510509491
0.48280423879623413
0.3539087176322937
0.4120228886604309
0.420742392539978
0.3739475607872009
0.36781206727027893
0.4670368432998657
0.5100083947181702
0.4572925269603729
0.5234279632568359
0.5944016575813293
0.38068893551826477
0.37586334347724915
0.39490529894828796
0.32787996530532837
0.40743911266326904
0.3680800199508667
0.2737777531147003
0.3220224678516388
0.34433454275131226
0.46109601855278015
0.3473201394081116
0.38645029067993164
0.4481397867202759
0.3809017837047577
0.4423813223838806
0.39885959029197693
0.39649325609207153
0.3364187479019165
0.3054617941379547
0.26623833179473877
0.2638359069824219
0.2854766249656677
0.40974944829940796
0.5138979554176331
0.4907824993133545
0.5307607650756836
0.713807225227356
0.8994181752204895
0.9163110852241516
