 1 	 0.394920107722
 2 	 0.748002418876
 3 	 0.427286642791
 4 	 0.460596129298
 5 	 0.468832668662
 6 	 0.839317205549
 7 	 0.476083907487
 8 	 0.71641318798
 9 	 0.813748827577
 10 	 0.596903255582
 11 	 0.550004649161
 12 	 0.776668080689
 13 	 0.637394362689
 14 	 0.449111908674
 15 	 0.468114730716
 16 	 0.929202240705
 17 	 0.467192013562
 18 	 1.05950058699
 19 	 0.77912043035
 20 	 0.620623284577
 21 	 0.601066541672
 22 	 0.336899220944
 23 	 0.387952491641
 24 	 0.723096889257
 25 	 0.569888550044
 26 	 0.516657835245
 27 	 0.446671643853
 28 	 0.367219361663
 29 	 0.466600093247
 30 	 0.455103519558
 31 	 0.447722828388
 32 	 0.538613650203
 33 	 0.510675391554
 34 	 0.636595726013
 35 	 0.485696282983
 36 	 0.525987571479
 37 	 0.470199370384
 38 	 0.482099062204
 39 	 0.734703391791
 40 	 0.628657522799
 41 	 0.420072811841
 42 	 0.550531503558
 43 	 0.488320812582
 44 	 0.596220797301
 45 	 0.600555461644
 46 	 0.861352074147
 47 	 0.679485821723
 48 	 0.783435481786
 49 	 0.88762639761
 50 	 0.498121368885
 51 	 0.541433414816
 52 	 0.592651617526
 53 	 0.55439939797
 54 	 0.597670668364
 55 	 0.521613451839
 56 	 0.502852505444
 57 	 0.58550900221
 58 	 0.540224534275
 59 	 0.721079128979
 60 	 1.01883304715
 61 	 0.452025607228
 62 	 1.29787478447
 63 	 0.981388288737
 64 	 0.700823342801
 65 	 0.557380911708
 66 	 0.571092364193
 67 	 0.5936396569
 68 	 0.902460807564
 69 	 0.409052354097
 70 	 0.384761171043
 71 	 0.744337087871
 72 	 0.654465717076
 73 	 0.825388228893
 74 	 1.0462606132
 75 	 0.7357912004
 76 	 1.24717820883
